1085623
1624824
169712
170732
171183
171314
171844
173423
174075
174195
175237
1791746
1858466
1864680
1886359
1888770
1889879
1892140
1895953
1899198
1902226
1903538
1908310
1909503
1912627
1913710
1916135
1916483
1919078
1928614
1931800
1938600
1941501
1958884
2008434
2012128
2017095
2021912
2026298
2031571
2034190
2035482
2036540
2036598
2066418
2068831
2071987
2073624
2089505
2091232
2093015
2093968
2098690
2103614
2113072
2113853
2116030
2129269
2132988
2147271
2152776
2154922
2156357
2157935
2187967
2258588
2285898
2286928
2288447
2291154
2294522
2315360
2366795
2375659
2384539
2388443
2419947
2441344
2487168
2490375
2504183
2538311
2543720
2586090
2601287
2605732
2611256
2630139
2633956
2642659
2652588
2655011
2659364
2675002
2705385
2705388
2705630
2705632
2705740
2705751
2705872
2705894
2706087
2706286
2706298
2706437
2706460
2706463
2706466
2706594
2706750
2706962
2706995
2707154
2707396
2707408
2707430
2707435
2707481
2707613
2707714
2707715
2708171
2708346
2708455
2708963
2708971
2708985
2709129
2709130
2709338
2709383
2709631
2710065
2710067
2710208
2723221
454004
468067
468068
508729
521699
587398
590906
747997
